parameters generated
U= [[1.05589636]]
gap= [0.3]
 finished in 3569.800359249115s
U= [[1.05589636]]
gap= [0.3]
 finished in 3522.8558332920074s
U= [[1.05589636]]
gap= [0.3]
 finished in 3160.2865595817566s
