parameters generated
U= [[1.05589636]]
gap= [0.3]
 finished in 3487.5314502716064s
U= [[1.05589636]]
gap= [0.3]
 finished in 3509.167626142502s
U= [[1.05589636]]
gap= [0.3]
 finished in 3276.1092545986176s
