parameters generated
U= [[1.05589636]]
gap= [0.3]
 finished in 3534.2208473682404s
U= [[1.05589636]]
gap= [0.3]
 finished in 3569.5766026973724s
U= [[1.05589636]]
gap= [0.3]
 finished in 3241.08469080925s
