parameters generated
U= [[1.05589636]]
gap= [0.3]
 finished in 3532.559823513031s
U= [[1.05589636]]
gap= [0.3]
 finished in 3545.7338104248047s
U= [[1.05589636]]
gap= [0.3]
 finished in 3246.4859743118286s
