parameters generated
U= [[1.05589636]]
gap= [0.3]
 finished in 3497.2877535820007s
U= [[1.05589636]]
gap= [0.3]
 finished in 3540.9430072307587s
U= [[1.05589636]]
gap= [0.3]
 finished in 3189.1220223903656s
