parameters generated
U= [[1.05589636]]
gap= [0.3]
 finished in 3554.432011127472s
U= [[1.05589636]]
gap= [0.3]
 finished in 3581.12850022316s
U= [[1.05589636]]
gap= [0.3]
 finished in 3216.980053663254s
