parameters generated
U= [[1.05589636]]
gap= [0.3]
 finished in 3494.9021134376526s
U= [[1.05589636]]
gap= [0.3]
 finished in 3534.249122619629s
U= [[1.05589636]]
gap= [0.3]
 finished in 3284.367642879486s
