parameters generated
U= [[1.05589636]]
gap= [0.3]
 finished in 3515.222757101059s
U= [[1.05589636]]
gap= [0.3]
 finished in 3566.918966293335s
U= [[1.05589636]]
gap= [0.3]
 finished in 3210.2665264606476s
