parameters generated
U= [[1.05589636]]
gap= [0.3]
 finished in 3510.0289266109467s
U= [[1.05589636]]
gap= [0.3]
 finished in 3533.253150701523s
U= [[1.05589636]]
gap= [0.3]
 finished in 3183.2584018707275s
