parameters generated
U= [[1.05589636]]
gap= [0.3]
 finished in 3534.2780792713165s
U= [[1.05589636]]
gap= [0.3]
 finished in 3547.725960254669s
U= [[1.05589636]]
gap= [0.3]
 finished in 3163.614283800125s
