parameters generated
U= [[1.05589636]]
gap= [0.3]
 finished in 3534.798625946045s
U= [[1.05589636]]
gap= [0.3]
 finished in 3593.078546524048s
U= [[1.05589636]]
gap= [0.3]
 finished in 3228.0855684280396s
