parameters generated
U= [[1.05589636]]
gap= [0.3]
 finished in 3497.719199180603s
U= [[1.05589636]]
gap= [0.3]
 finished in 3556.149668455124s
U= [[1.05589636]]
gap= [0.3]
 finished in 3280.9441046714783s
