parameters generated
U= [[1.05589636]]
gap= [0.3]
 finished in 3505.4115896224976s
U= [[1.05589636]]
gap= [0.3]
 finished in 3520.0611250400543s
U= [[1.05589636]]
gap= [0.3]
 finished in 3297.126007795334s
