parameters generated
U= [[1.05589636]]
gap= [0.3]
 finished in 3468.000985622406s
U= [[1.05589636]]
gap= [0.3]
 finished in 3503.14124250412s
U= [[1.05589636]]
gap= [0.3]
 finished in 3174.33376789093s
