parameters generated
U= [[1.05589636]]
gap= [0.3]
 finished in 3487.382069826126s
U= [[1.05589636]]
gap= [0.3]
 finished in 3587.380218744278s
U= [[1.05589636]]
gap= [0.3]
 finished in 3175.5012817382812s
