parameters generated
U= [[1.05589636]]
gap= [0.3]
 finished in 3504.745805501938s
U= [[1.05589636]]
gap= [0.3]
 finished in 3536.2185888290405s
U= [[1.05589636]]
gap= [0.3]
 finished in 3222.300177335739s
