parameters generated
U= [[1.05589636]]
gap= [0.3]
 finished in 3543.7614698410034s
U= [[1.05589636]]
gap= [0.3]
 finished in 3562.199080467224s
U= [[1.05589636]]
gap= [0.3]
 finished in 3165.4842734336853s
