parameters generated
U= [[1.05589636]]
gap= [0.3]
 finished in 3522.029101371765s
U= [[1.05589636]]
gap= [0.3]
 finished in 3512.506178379059s
U= [[1.05589636]]
gap= [0.3]
 finished in 3269.3675804138184s
