parameters generated
U= [[1.05589636]]
gap= [0.3]
 finished in 3519.2449176311493s
U= [[1.05589636]]
gap= [0.3]
 finished in 3552.6402385234833s
U= [[1.05589636]]
gap= [0.3]
 finished in 3269.8560321331024s
