parameters generated
U= [[1.05589636]]
gap= [0.3]
 finished in 3486.308941602707s
U= [[1.05589636]]
gap= [0.3]
 finished in 3557.419913291931s
U= [[1.05589636]]
gap= [0.3]
 finished in 3150.103439807892s
