parameters generated
U= [[1.05589636]]
gap= [0.3]
 finished in 3523.890278339386s
U= [[1.05589636]]
gap= [0.3]
 finished in 3557.4785466194153s
U= [[1.05589636]]
gap= [0.3]
 finished in 3180.717355489731s
