parameters generated
U= [[1.05589636]]
gap= [0.3]
 finished in 3502.924954891205s
U= [[1.05589636]]
gap= [0.3]
 finished in 3532.788227558136s
U= [[1.05589636]]
gap= [0.3]
 finished in 3273.2954783439636s
