parameters generated
U= [[1.05589636]]
gap= [0.3]
 finished in 3504.964609861374s
U= [[1.05589636]]
gap= [0.3]
 finished in 3528.126172065735s
U= [[1.05589636]]
gap= [0.3]
 finished in 3233.2136816978455s
