parameters generated
U= [[1.05589636]]
gap= [0.3]
 finished in 3511.1229684352875s
U= [[1.05589636]]
gap= [0.3]
 finished in 3530.36465883255s
U= [[1.05589636]]
gap= [0.3]
 finished in 3192.927041053772s
