parameters generated
U= [[1.05589636]]
gap= [0.3]
 finished in 3468.757511615753s
U= [[1.05589636]]
gap= [0.3]
 finished in 3583.626443386078s
U= [[1.05589636]]
gap= [0.3]
 finished in 3245.1905834674835s
