parameters generated
U= [[1.05589636]]
gap= [0.3]
 finished in 3546.6660435199738s
U= [[1.05589636]]
gap= [0.3]
 finished in 3564.99618601799s
U= [[1.05589636]]
gap= [0.3]
 finished in 3236.52081155777s
