parameters generated
U= [[1.05589636]]
gap= [0.3]
 finished in 3469.511301755905s
U= [[1.05589636]]
gap= [0.3]
 finished in 3537.860319375992s
U= [[1.05589636]]
gap= [0.3]
 finished in 3289.691070795059s
