parameters generated
U= [[1.05589636]]
gap= [0.3]
 finished in 3487.884795665741s
U= [[1.05589636]]
gap= [0.3]
 finished in 3559.898622751236s
U= [[1.05589636]]
gap= [0.3]
 finished in 3184.5510020256042s
