parameters generated
U= [[1.05589636]]
gap= [0.3]
 finished in 3486.552991628647s
U= [[1.05589636]]
gap= [0.3]
 finished in 3522.022131204605s
U= [[1.05589636]]
gap= [0.3]
 finished in 3204.168421983719s
