parameters generated
U= [[1.05589636]]
gap= [0.3]
 finished in 3520.3768231868744s
U= [[1.05589636]]
gap= [0.3]
 finished in 3537.1739308834076s
U= [[1.05589636]]
gap= [0.3]
 finished in 3216.9472839832306s
