parameters generated
U= [[1.05589636]]
gap= [0.3]
 finished in 3512.7457716464996s
U= [[1.05589636]]
gap= [0.3]
 finished in 3571.5370156764984s
U= [[1.05589636]]
gap= [0.3]
 finished in 3157.1233294010162s
