parameters generated
U= [[1.05589636]]
gap= [0.3]
 finished in 3512.241602897644s
U= [[1.05589636]]
gap= [0.3]
 finished in 3531.1198015213013s
U= [[1.05589636]]
gap= [0.3]
 finished in 3249.9279260635376s
