parameters generated
U= [[1.05589636]]
gap= [0.3]
 finished in 3506.729597091675s
U= [[1.05589636]]
gap= [0.3]
 finished in 3581.1517832279205s
U= [[1.05589636]]
gap= [0.3]
 finished in 3169.44317984581s
