parameters generated
U= [[1.05589636]]
gap= [0.3]
 finished in 3526.7635774612427s
U= [[1.05589636]]
gap= [0.3]
 finished in 3521.2942469120026s
U= [[1.05589636]]
gap= [0.3]
 finished in 3250.7047634124756s
