parameters generated
U= [[1.05589636]]
gap= [0.3]
 finished in 3485.497811317444s
U= [[1.05589636]]
gap= [0.3]
 finished in 3536.3201820850372s
U= [[1.05589636]]
gap= [0.3]
 finished in 3233.1969616413116s
