parameters generated
U= [[1.05589636]]
gap= [0.3]
 finished in 3506.6382830142975s
U= [[1.05589636]]
gap= [0.3]
 finished in 3521.469339609146s
U= [[1.05589636]]
gap= [0.3]
 finished in 3135.1537370681763s
