parameters generated
U= [[1.05589636]]
gap= [0.3]
 finished in 3540.404957294464s
U= [[1.05589636]]
gap= [0.3]
 finished in 3568.6356444358826s
U= [[1.05589636]]
gap= [0.3]
 finished in 3180.8147468566895s
