parameters generated
U= [[1.05589636]]
gap= [0.3]
 finished in 3446.360107421875s
U= [[1.05589636]]
gap= [0.3]
 finished in 3487.6542274951935s
U= [[1.05589636]]
gap= [0.3]
 finished in 3298.697021484375s
