parameters generated
U= [[1.05589636]]
gap= [0.3]
 finished in 3503.4116072654724s
U= [[1.05589636]]
gap= [0.3]
 finished in 3525.4961171150208s
U= [[1.05589636]]
gap= [0.3]
 finished in 3150.229360818863s
