parameters generated
U= [[1.05589636]]
gap= [0.3]
 finished in 3510.011273622513s
U= [[1.05589636]]
gap= [0.3]
 finished in 3560.2819373607635s
U= [[1.05589636]]
gap= [0.3]
 finished in 3240.227360010147s
