parameters generated
U= [[1.05589636]]
gap= [0.3]
 finished in 3488.8550429344177s
U= [[1.05589636]]
gap= [0.3]
 finished in 3537.4567365646362s
U= [[1.05589636]]
gap= [0.3]
 finished in 3181.355022907257s
