parameters generated
U= [[1.05589636]]
gap= [0.3]
 finished in 3507.434362411499s
U= [[1.05589636]]
gap= [0.3]
 finished in 3558.9954085350037s
U= [[1.05589636]]
gap= [0.3]
 finished in 3237.3886258602142s
