parameters generated
U= [[1.05589636]]
gap= [0.3]
 finished in 3551.585359811783s
U= [[1.05589636]]
gap= [0.3]
 finished in 3568.931816339493s
U= [[1.05589636]]
gap= [0.3]
 finished in 3221.5752136707306s
