parameters generated
U= [[1.05589636]]
gap= [0.3]
 finished in 3503.6699497699738s
U= [[1.05589636]]
gap= [0.3]
 finished in 3560.996978521347s
U= [[1.05589636]]
gap= [0.3]
 finished in 3211.61683011055s
