parameters generated
U= [[1.05589636]]
gap= [0.3]
 finished in 3497.9276416301727s
U= [[1.05589636]]
gap= [0.3]
 finished in 3515.3029799461365s
U= [[1.05589636]]
gap= [0.3]
 finished in 3126.3207573890686s
