parameters generated
U= [[1.05589636]]
gap= [0.3]
 finished in 3510.7714564800262s
U= [[1.05589636]]
gap= [0.3]
 finished in 3545.1331238746643s
U= [[1.05589636]]
gap= [0.3]
 finished in 3189.293281555176s
