parameters generated
U= [[1.05589636]]
gap= [0.3]
 finished in 3498.4352581501007s
U= [[1.05589636]]
gap= [0.3]
 finished in 3603.251336812973s
U= [[1.05589636]]
gap= [0.3]
 finished in 3225.5353541374207s
