parameters generated
U= [[1.05589636]]
gap= [0.3]
 finished in 3495.64799118042s
U= [[1.05589636]]
gap= [0.3]
 finished in 3544.4105932712555s
U= [[1.05589636]]
gap= [0.3]
 finished in 3272.9162962436676s
