parameters generated
U= [[1.05589636]]
gap= [0.3]
 finished in 3484.8500833511353s
U= [[1.05589636]]
gap= [0.3]
 finished in 3551.2473270893097s
U= [[1.05589636]]
gap= [0.3]
 finished in 3153.5952610969543s
