parameters generated
U= [[1.05589636]]
gap= [0.3]
 finished in 3482.4556546211243s
U= [[1.05589636]]
gap= [0.3]
 finished in 3524.2748992443085s
U= [[1.05589636]]
gap= [0.3]
 finished in 3169.597104072571s
