parameters generated
U= [[1.05589636]]
gap= [0.3]
 finished in 3519.2899837493896s
U= [[1.05589636]]
gap= [0.3]
 finished in 3559.7549755573273s
U= [[1.05589636]]
gap= [0.3]
 finished in 3227.6916592121124s
