parameters generated
U= [[1.05589636]]
gap= [0.3]
 finished in 3535.3390951156616s
U= [[1.05589636]]
gap= [0.3]
 finished in 3611.878657102585s
U= [[1.05589636]]
gap= [0.3]
 finished in 3117.778333902359s
