parameters generated
U= [[1.05589636]]
gap= [0.3]
 finished in 3531.7774500846863s
U= [[1.05589636]]
gap= [0.3]
 finished in 3549.935553073883s
U= [[1.05589636]]
gap= [0.3]
 finished in 3213.4271790981293s
