parameters generated
U= [[1.05589636]]
gap= [0.3]
 finished in 3525.6392447948456s
U= [[1.05589636]]
gap= [0.3]
 finished in 3553.030238389969s
U= [[1.05589636]]
gap= [0.3]
 finished in 3215.163595199585s
