parameters generated
U= [[1.05589636]]
gap= [0.3]
 finished in 3487.2731914520264s
U= [[1.05589636]]
gap= [0.3]
 finished in 3538.8393251895905s
U= [[1.05589636]]
gap= [0.3]
 finished in 3181.8397862911224s
