parameters generated
U= [[1.05589636]]
gap= [0.3]
 finished in 3483.022079706192s
U= [[1.05589636]]
gap= [0.3]
 finished in 3528.8683347702026s
U= [[1.05589636]]
gap= [0.3]
 finished in 3235.1621963977814s
