parameters generated
U= [[1.05589636]]
gap= [0.3]
 finished in 3506.291953086853s
U= [[1.05589636]]
gap= [0.3]
 finished in 3506.170225381851s
U= [[1.05589636]]
gap= [0.3]
 finished in 3249.8315761089325s
