parameters generated
U= [[1.05589636]]
gap= [0.3]
 finished in 3525.345247745514s
U= [[1.05589636]]
gap= [0.3]
 finished in 3551.312111377716s
U= [[1.05589636]]
gap= [0.3]
 finished in 3232.0415234565735s
