parameters generated
U= [[1.05589636]]
gap= [0.3]
 finished in 3565.529596567154s
U= [[1.05589636]]
gap= [0.3]
 finished in 3575.412889480591s
U= [[1.05589636]]
gap= [0.3]
 finished in 3183.1151514053345s
