parameters generated
U= [[1.05589636]]
gap= [0.3]
 finished in 3513.6969709396362s
U= [[1.05589636]]
gap= [0.3]
 finished in 3528.102266073227s
U= [[1.05589636]]
gap= [0.3]
 finished in 3219.06592130661s
