parameters generated
U= [[1.05589636]]
gap= [0.3]
 finished in 3550.21094250679s
U= [[1.05589636]]
gap= [0.3]
 finished in 3583.7518680095673s
U= [[1.05589636]]
gap= [0.3]
 finished in 3134.24009847641s
