parameters generated
U= [[1.05589636]]
gap= [0.3]
 finished in 3505.4516649246216s
U= [[1.05589636]]
gap= [0.3]
 finished in 3510.036966085434s
U= [[1.05589636]]
gap= [0.3]
 finished in 3154.5955605506897s
