parameters generated
U= [[1.05589636]]
gap= [0.3]
 finished in 3540.937790632248s
U= [[1.05589636]]
gap= [0.3]
 finished in 3546.362042427063s
U= [[1.05589636]]
gap= [0.3]
 finished in 3221.376120328903s
