parameters generated
U= [[1.05589636]]
gap= [0.3]
 finished in 3520.005126953125s
U= [[1.05589636]]
gap= [0.3]
 finished in 3578.57399392128s
U= [[1.05589636]]
gap= [0.3]
 finished in 3167.616491794586s
