parameters generated
U= [[1.05589636]]
gap= [0.3]
 finished in 3566.1670908927917s
U= [[1.05589636]]
gap= [0.3]
 finished in 3583.3506169319153s
U= [[1.05589636]]
gap= [0.3]
 finished in 3160.1227345466614s
