parameters generated
U= [[1.05589636]]
gap= [0.3]
 finished in 3547.325263738632s
U= [[1.05589636]]
gap= [0.3]
 finished in 3577.545763015747s
U= [[1.05589636]]
gap= [0.3]
 finished in 3164.217194080353s
