parameters generated
U= [[1.05589636]]
gap= [0.3]
 finished in 3542.5666801929474s
U= [[1.05589636]]
gap= [0.3]
 finished in 3598.6766440868378s
U= [[1.05589636]]
gap= [0.3]
 finished in 3153.3747296333313s
