parameters generated
U= [[1.05589636]]
gap= [0.3]
 finished in 3558.9793231487274s
U= [[1.05589636]]
gap= [0.3]
 finished in 3582.2007303237915s
U= [[1.05589636]]
gap= [0.3]
 finished in 3184.256621837616s
