parameters generated
U= [[1.05589636]]
gap= [0.3]
 finished in 3452.362701177597s
U= [[1.05589636]]
gap= [0.3]
 finished in 3556.309963464737s
U= [[1.05589636]]
gap= [0.3]
 finished in 3181.2217829227448s
