parameters generated
U= [[1.05589636]]
gap= [0.3]
 finished in 3482.3616197109222s
U= [[1.05589636]]
gap= [0.3]
 finished in 3546.616887331009s
U= [[1.05589636]]
gap= [0.3]
 finished in 3207.7362957000732s
