parameters generated
U= [[1.05589636]]
gap= [0.3]
 finished in 3583.4008243083954s
U= [[1.05589636]]
gap= [0.3]
 finished in 3545.956250190735s
U= [[1.05589636]]
gap= [0.3]
 finished in 3225.6256980895996s
