parameters generated
U= [[1.05589636]]
gap= [0.3]
 finished in 3476.6254284381866s
U= [[1.05589636]]
gap= [0.3]
 finished in 3527.659049510956s
U= [[1.05589636]]
gap= [0.3]
 finished in 3182.3854598999023s
