parameters generated
U= [[1.05589636]]
gap= [0.3]
 finished in 3545.5645730495453s
U= [[1.05589636]]
gap= [0.3]
 finished in 3540.456868171692s
U= [[1.05589636]]
gap= [0.3]
 finished in 3126.752932548523s
