parameters generated
U= [[1.05589636]]
gap= [0.3]
 finished in 3493.8606774806976s
U= [[1.05589636]]
gap= [0.3]
 finished in 3507.634309053421s
U= [[1.05589636]]
gap= [0.3]
 finished in 3151.325733423233s
