parameters generated
U= [[1.05589636]]
gap= [0.3]
 finished in 3552.64501786232s
U= [[1.05589636]]
gap= [0.3]
 finished in 3557.6032440662384s
U= [[1.05589636]]
gap= [0.3]
 finished in 3140.7154574394226s
