parameters generated
U= [[1.05589636]]
gap= [0.3]
 finished in 3519.3855814933777s
U= [[1.05589636]]
gap= [0.3]
 finished in 3563.1874446868896s
U= [[1.05589636]]
gap= [0.3]
 finished in 3157.5505571365356s
