parameters generated
U= [[1.05589636]]
gap= [0.3]
 finished in 3542.304813861847s
U= [[1.05589636]]
gap= [0.3]
 finished in 3546.298900127411s
U= [[1.05589636]]
gap= [0.3]
 finished in 3233.9886631965637s
