parameters generated
U= [[1.05589636]]
gap= [0.3]
 finished in 3512.831894159317s
U= [[1.05589636]]
gap= [0.3]
 finished in 3531.0807218551636s
U= [[1.05589636]]
gap= [0.3]
 finished in 3183.7907280921936s
