parameters generated
U= [[1.05589636]]
gap= [0.3]
 finished in 3473.759071826935s
U= [[1.05589636]]
gap= [0.3]
 finished in 3501.795428276062s
U= [[1.05589636]]
gap= [0.3]
 finished in 3165.9433405399323s
