parameters generated
U= [[1.05589636]]
gap= [0.3]
 finished in 3490.587875366211s
U= [[1.05589636]]
gap= [0.3]
 finished in 3550.240185022354s
U= [[1.05589636]]
gap= [0.3]
 finished in 3248.8477511405945s
