parameters generated
U= [[1.05589636]]
gap= [0.3]
 finished in 3486.519832611084s
U= [[1.05589636]]
gap= [0.3]
 finished in 3533.1179780960083s
U= [[1.05589636]]
gap= [0.3]
 finished in 3293.2740683555603s
