parameters generated
U= [[1.05589636]]
gap= [0.3]
 finished in 3497.0484845638275s
U= [[1.05589636]]
gap= [0.3]
 finished in 3533.0811343193054s
U= [[1.05589636]]
gap= [0.3]
 finished in 3181.216280937195s
