parameters generated
U= [[1.05589636]]
gap= [0.3]
 finished in 3563.517789363861s
U= [[1.05589636]]
gap= [0.3]
 finished in 3524.5276045799255s
U= [[1.05589636]]
gap= [0.3]
 finished in 3194.868695497513s
