parameters generated
U= [[1.05589636]]
gap= [0.3]
 finished in 3470.0075845718384s
U= [[1.05589636]]
gap= [0.3]
 finished in 3495.1690022945404s
U= [[1.05589636]]
gap= [0.3]
 finished in 3183.1948471069336s
