parameters generated
U= [[1.05589636]]
gap= [0.3]
 finished in 3444.807590484619s
U= [[1.05589636]]
gap= [0.3]
 finished in 3504.119602918625s
U= [[1.05589636]]
gap= [0.3]
 finished in 3244.069179058075s
