parameters generated
U= [[1.05589636]]
gap= [0.3]
 finished in 3516.335100412369s
U= [[1.05589636]]
gap= [0.3]
 finished in 3523.0798041820526s
U= [[1.05589636]]
gap= [0.3]
 finished in 3136.2636449337006s
