parameters generated
U= [[1.05589636]]
gap= [0.3]
 finished in 3559.0962307453156s
U= [[1.05589636]]
gap= [0.3]
 finished in 3558.832098007202s
U= [[1.05589636]]
gap= [0.3]
 finished in 3253.020750761032s
