parameters generated
U= [[1.05589636]]
gap= [0.3]
 finished in 3486.9564878940582s
U= [[1.05589636]]
gap= [0.3]
 finished in 3566.605835914612s
U= [[1.05589636]]
gap= [0.3]
 finished in 3153.4121568202972s
