parameters generated
U= [[1.05589636]]
gap= [0.3]
 finished in 3525.318239927292s
U= [[1.05589636]]
gap= [0.3]
 finished in 3581.0715856552124s
U= [[1.05589636]]
gap= [0.3]
 finished in 3209.8885090351105s
