parameters generated
U= [[1.05589636]]
gap= [0.3]
 finished in 3509.05797791481s
U= [[1.05589636]]
gap= [0.3]
 finished in 3537.145740032196s
U= [[1.05589636]]
gap= [0.3]
 finished in 3144.05184841156s
