parameters generated
U= [[1.05589636]]
gap= [0.3]
 finished in 3498.885523557663s
U= [[1.05589636]]
gap= [0.3]
 finished in 3554.0299293994904s
U= [[1.05589636]]
gap= [0.3]
 finished in 3200.0573632717133s
