parameters generated
U= [[1.05589636]]
gap= [0.3]
 finished in 3535.217187643051s
U= [[1.05589636]]
gap= [0.3]
 finished in 3562.41037607193s
U= [[1.05589636]]
gap= [0.3]
 finished in 3203.4830260276794s
