parameters generated
U= [[1.05589636]]
gap= [0.3]
 finished in 3492.2975142002106s
U= [[1.05589636]]
gap= [0.3]
 finished in 3538.1090881824493s
U= [[1.05589636]]
gap= [0.3]
 finished in 3138.370781183243s
