parameters generated
U= [[1.05589636]]
gap= [0.3]
 finished in 3542.0681779384613s
U= [[1.05589636]]
gap= [0.3]
 finished in 3535.935534954071s
U= [[1.05589636]]
gap= [0.3]
 finished in 3241.341342687607s
