parameters generated
U= [[1.05589636]]
gap= [0.3]
 finished in 3470.157568216324s
U= [[1.05589636]]
gap= [0.3]
 finished in 3474.9202597141266s
U= [[1.05589636]]
gap= [0.3]
 finished in 3177.5064742565155s
