parameters generated
U= [[1.05589636]]
gap= [0.3]
 finished in 3549.1167743206024s
U= [[1.05589636]]
gap= [0.3]
 finished in 3560.858810186386s
U= [[1.05589636]]
gap= [0.3]
 finished in 3250.7911372184753s
