parameters generated
U= [[1.05589636]]
gap= [0.3]
 finished in 3560.707426071167s
U= [[1.05589636]]
gap= [0.3]
 finished in 3566.474446296692s
U= [[1.05589636]]
gap= [0.3]
 finished in 3232.591230869293s
