parameters generated
U= [[1.05589636]]
gap= [0.3]
 finished in 3474.0382676124573s
U= [[1.05589636]]
gap= [0.3]
 finished in 3547.9698779582977s
U= [[1.05589636]]
gap= [0.3]
 finished in 3186.794849872589s
