parameters generated
U= [[1.05589636]]
gap= [0.3]
 finished in 3478.5456874370575s
U= [[1.05589636]]
gap= [0.3]
 finished in 3494.8632895946503s
U= [[1.05589636]]
gap= [0.3]
 finished in 3134.79815864563s
