parameters generated
U= [[1.05589636]]
gap= [0.3]
 finished in 3528.255884885788s
U= [[1.05589636]]
gap= [0.3]
 finished in 3559.8156974315643s
U= [[1.05589636]]
gap= [0.3]
 finished in 3226.183027744293s
