parameters generated
U= [[1.05589636]]
gap= [0.3]
 finished in 3523.8135318756104s
U= [[1.05589636]]
gap= [0.3]
 finished in 3535.7884216308594s
U= [[1.05589636]]
gap= [0.3]
 finished in 3211.975513935089s
