parameters generated
U= [[1.05589636]]
gap= [0.3]
 finished in 3513.3653151988983s
U= [[1.05589636]]
gap= [0.3]
 finished in 3579.08625125885s
U= [[1.05589636]]
gap= [0.3]
 finished in 3135.056869029999s
