parameters generated
U= [[1.05589636]]
gap= [0.3]
 finished in 3497.5593037605286s
U= [[1.05589636]]
gap= [0.3]
 finished in 3549.09143781662s
U= [[1.05589636]]
gap= [0.3]
 finished in 3296.9569668769836s
