parameters generated
U= [[1.05589636]]
gap= [0.3]
 finished in 3495.2279663085938s
U= [[1.05589636]]
gap= [0.3]
 finished in 3567.957193136215s
U= [[1.05589636]]
gap= [0.3]
 finished in 3232.478978872299s
