parameters generated
U= [[1.05589636]]
gap= [0.3]
 finished in 3534.65988779068s
U= [[1.05589636]]
gap= [0.3]
 finished in 3619.431577205658s
U= [[1.05589636]]
gap= [0.3]
 finished in 3131.582155227661s
