parameters generated
U= [[1.05589636]]
gap= [0.3]
 finished in 3530.448617696762s
U= [[1.05589636]]
gap= [0.3]
 finished in 3583.1301386356354s
U= [[1.05589636]]
gap= [0.3]
 finished in 3214.456836938858s
