parameters generated
U= [[1.05589636]]
gap= [0.3]
 finished in 3476.5196402072906s
U= [[1.05589636]]
gap= [0.3]
 finished in 3518.7267179489136s
U= [[1.05589636]]
gap= [0.3]
 finished in 3175.7244260311127s
