parameters generated
U= [[1.05589636]]
gap= [0.3]
 finished in 3486.380216360092s
U= [[1.05589636]]
gap= [0.3]
 finished in 3506.756026983261s
U= [[1.05589636]]
gap= [0.3]
 finished in 3308.5819766521454s
