parameters generated
U= [[1.05589636]]
gap= [0.3]
 finished in 3507.8394691944122s
U= [[1.05589636]]
gap= [0.3]
 finished in 3540.111359357834s
U= [[1.05589636]]
gap= [0.3]
 finished in 3225.7937138080597s
