parameters generated
U= [[1.05589636]]
gap= [0.3]
 finished in 3486.5100696086884s
U= [[1.05589636]]
gap= [0.3]
 finished in 3536.00151515007s
U= [[1.05589636]]
gap= [0.3]
 finished in 3287.389081954956s
