parameters generated
U= [[1.05589636]]
gap= [0.3]
 finished in 3494.542982339859s
U= [[1.05589636]]
gap= [0.3]
 finished in 3520.7363862991333s
U= [[1.05589636]]
gap= [0.3]
 finished in 3261.1047677993774s
