parameters generated
U= [[1.05589636]]
gap= [0.3]
 finished in 3527.4019753932953s
U= [[1.05589636]]
gap= [0.3]
 finished in 3524.9301648139954s
U= [[1.05589636]]
gap= [0.3]
 finished in 3274.630949497223s
