parameters generated
U= [[1.05589636]]
gap= [0.3]
 finished in 3499.695572376251s
U= [[1.05589636]]
gap= [0.3]
 finished in 3606.729029417038s
U= [[1.05589636]]
gap= [0.3]
 finished in 3239.8141298294067s
