parameters generated
U= [[1.05589636]]
gap= [0.3]
 finished in 3481.6407911777496s
U= [[1.05589636]]
gap= [0.3]
 finished in 3562.9938504695892s
U= [[1.05589636]]
gap= [0.3]
 finished in 3133.5129821300507s
