parameters generated
U= [[1.05589636]]
gap= [0.3]
 finished in 3516.178602695465s
U= [[1.05589636]]
gap= [0.3]
 finished in 3559.026113986969s
U= [[1.05589636]]
gap= [0.3]
 finished in 3210.5876445770264s
