parameters generated
U= [[1.05589636]]
gap= [0.3]
 finished in 3572.3242642879486s
U= [[1.05589636]]
gap= [0.3]
 finished in 3565.709725856781s
U= [[1.05589636]]
gap= [0.3]
 finished in 3199.817724943161s
