parameters generated
U= [[1.05589636]]
gap= [0.3]
 finished in 3484.2279727458954s
U= [[1.05589636]]
gap= [0.3]
 finished in 3560.982254266739s
U= [[1.05589636]]
gap= [0.3]
 finished in 3242.7758424282074s
