parameters generated
U= [[1.05589636]]
gap= [0.3]
 finished in 3533.6655671596527s
U= [[1.05589636]]
gap= [0.3]
 finished in 3574.9597635269165s
U= [[1.05589636]]
gap= [0.3]
 finished in 3168.0854177474976s
