parameters generated
U= [[1.05589636]]
gap= [0.3]
 finished in 3485.6372351646423s
U= [[1.05589636]]
gap= [0.3]
 finished in 3535.7982947826385s
U= [[1.05589636]]
gap= [0.3]
 finished in 3176.386402606964s
