parameters generated
U= [[1.05589636]]
gap= [0.3]
 finished in 3472.396970510483s
U= [[1.05589636]]
gap= [0.3]
 finished in 3548.548723459244s
U= [[1.05589636]]
gap= [0.3]
 finished in 3272.400876045227s
