parameters generated
U= [[1.05589636]]
gap= [0.3]
 finished in 3475.0049760341644s
U= [[1.05589636]]
gap= [0.3]
 finished in 3572.877844810486s
U= [[1.05589636]]
gap= [0.3]
 finished in 3188.840861082077s
