parameters generated
U= [[1.05589636]]
gap= [0.3]
 finished in 3538.7783155441284s
U= [[1.05589636]]
gap= [0.3]
 finished in 3567.12269282341s
U= [[1.05589636]]
gap= [0.3]
 finished in 3208.0137243270874s
