parameters generated
U= [[1.05589636]]
gap= [0.3]
 finished in 3505.2926292419434s
U= [[1.05589636]]
gap= [0.3]
 finished in 3521.514895439148s
U= [[1.05589636]]
gap= [0.3]
 finished in 3207.146559715271s
