parameters generated
U= [[1.05589636]]
gap= [0.3]
 finished in 3527.3127710819244s
U= [[1.05589636]]
gap= [0.3]
 finished in 3594.960895061493s
U= [[1.05589636]]
gap= [0.3]
 finished in 3149.4648139476776s
