parameters generated
U= [[1.05589636]]
gap= [0.3]
 finished in 3471.6275911331177s
U= [[1.05589636]]
gap= [0.3]
 finished in 3554.2517609596252s
U= [[1.05589636]]
gap= [0.3]
 finished in 3219.6829540729523s
