parameters generated
U= [[1.05589636]]
gap= [0.3]
 finished in 3549.279870033264s
U= [[1.05589636]]
gap= [0.3]
 finished in 3605.7035307884216s
U= [[1.05589636]]
gap= [0.3]
 finished in 3176.052780151367s
