parameters generated
U= [[1.05589636]]
gap= [0.3]
 finished in 3500.701985836029s
U= [[1.05589636]]
gap= [0.3]
 finished in 3529.1073276996613s
U= [[1.05589636]]
gap= [0.3]
 finished in 3232.38516497612s
