parameters generated
U= [[1.05589636]]
gap= [0.3]
 finished in 3493.988774061203s
U= [[1.05589636]]
gap= [0.3]
 finished in 3504.9484148025513s
U= [[1.05589636]]
gap= [0.3]
 finished in 3280.2311766147614s
