parameters generated
U= [[1.05589636]]
gap= [0.3]
 finished in 3471.4312138557434s
U= [[1.05589636]]
gap= [0.3]
 finished in 3517.7817282676697s
U= [[1.05589636]]
gap= [0.3]
 finished in 3267.2724616527557s
