parameters generated
U= [[1.05589636]]
gap= [0.3]
 finished in 3508.677766561508s
U= [[1.05589636]]
gap= [0.3]
 finished in 3553.778450012207s
U= [[1.05589636]]
gap= [0.3]
 finished in 3170.6477150917053s
