parameters generated
U= [[1.05589636]]
gap= [0.3]
 finished in 3481.544634580612s
U= [[1.05589636]]
gap= [0.3]
 finished in 3556.834319114685s
U= [[1.05589636]]
gap= [0.3]
 finished in 3192.7433927059174s
