parameters generated
U= [[1.05589636]]
gap= [0.3]
 finished in 3494.3553109169006s
U= [[1.05589636]]
gap= [0.3]
 finished in 3552.8323154449463s
U= [[1.05589636]]
gap= [0.3]
 finished in 3180.405704498291s
