parameters generated
U= [[1.05589636]]
gap= [0.3]
 finished in 3479.8490245342255s
U= [[1.05589636]]
gap= [0.3]
 finished in 3531.289561986923s
U= [[1.05589636]]
gap= [0.3]
 finished in 3256.120756626129s
