parameters generated
U= [[1.05589636]]
gap= [0.3]
 finished in 3503.835638999939s
U= [[1.05589636]]
gap= [0.3]
 finished in 3510.9498183727264s
U= [[1.05589636]]
gap= [0.3]
 finished in 3226.0607829093933s
