parameters generated
U= [[1.05589636]]
gap= [0.3]
 finished in 3468.3603415489197s
U= [[1.05589636]]
gap= [0.3]
 finished in 3528.945949792862s
U= [[1.05589636]]
gap= [0.3]
 finished in 3157.373131752014s
