parameters generated
U= [[1.05589636]]
gap= [0.3]
 finished in 3545.430071115494s
U= [[1.05589636]]
gap= [0.3]
 finished in 3537.387850046158s
U= [[1.05589636]]
gap= [0.3]
 finished in 3211.874504804611s
