parameters generated
U= [[1.05589636]]
gap= [0.3]
 finished in 3472.656410932541s
U= [[1.05589636]]
gap= [0.3]
 finished in 3534.0049798488617s
U= [[1.05589636]]
gap= [0.3]
 finished in 3232.629248380661s
