parameters generated
U= [[1.05589636]]
gap= [0.3]
 finished in 3491.6363196372986s
U= [[1.05589636]]
gap= [0.3]
 finished in 3534.101499557495s
U= [[1.05589636]]
gap= [0.3]
 finished in 3236.377321243286s
