parameters generated
U= [[1.05589636]]
gap= [0.3]
 finished in 3473.0198826789856s
U= [[1.05589636]]
gap= [0.3]
 finished in 3510.6669747829437s
U= [[1.05589636]]
gap= [0.3]
 finished in 3213.6348538398743s
