parameters generated
U= [[1.05589636]]
gap= [0.3]
 finished in 3508.6887941360474s
U= [[1.05589636]]
gap= [0.3]
 finished in 3541.30322766304s
U= [[1.05589636]]
gap= [0.3]
 finished in 3281.648005247116s
