parameters generated
U= [[1.05589636]]
gap= [0.3]
 finished in 3470.5705139636993s
U= [[1.05589636]]
gap= [0.3]
 finished in 3566.7138986587524s
U= [[1.05589636]]
gap= [0.3]
 finished in 3262.6999654769897s
