parameters generated
U= [[1.05589636]]
gap= [0.3]
 finished in 3497.764013528824s
U= [[1.05589636]]
gap= [0.3]
 finished in 3527.2555541992188s
U= [[1.05589636]]
gap= [0.3]
 finished in 3171.5314581394196s
