parameters generated
U= [[1.05589636]]
gap= [0.3]
 finished in 3511.31170630455s
U= [[1.05589636]]
gap= [0.3]
 finished in 3546.546736240387s
U= [[1.05589636]]
gap= [0.3]
 finished in 3201.0457758903503s
