parameters generated
U= [[1.05589636]]
gap= [0.3]
 finished in 3465.9139969348907s
U= [[1.05589636]]
gap= [0.3]
 finished in 3536.240087032318s
U= [[1.05589636]]
gap= [0.3]
 finished in 3273.3363654613495s
