parameters generated
U= [[1.05589636]]
gap= [0.3]
 finished in 3505.9267258644104s
U= [[1.05589636]]
gap= [0.3]
 finished in 3568.470941066742s
U= [[1.05589636]]
gap= [0.3]
 finished in 3215.7053515911102s
