parameters generated
U= [[1.05589636]]
gap= [0.3]
 finished in 3502.124133348465s
U= [[1.05589636]]
gap= [0.3]
 finished in 3558.520294904709s
U= [[1.05589636]]
gap= [0.3]
 finished in 3207.6408665180206s
