parameters generated
U= [[1.05589636]]
gap= [0.3]
 finished in 3511.666571378708s
U= [[1.05589636]]
gap= [0.3]
 finished in 3610.0763251781464s
U= [[1.05589636]]
gap= [0.3]
 finished in 3232.8465971946716s
