parameters generated
U= [[1.05589636]]
gap= [0.3]
 finished in 3543.026765346527s
U= [[1.05589636]]
gap= [0.3]
 finished in 3562.5485982894897s
U= [[1.05589636]]
gap= [0.3]
 finished in 3161.216695547104s
