parameters generated
U= [[1.05589636]]
gap= [0.3]
 finished in 3476.5723967552185s
U= [[1.05589636]]
gap= [0.3]
 finished in 3553.0633828639984s
U= [[1.05589636]]
gap= [0.3]
 finished in 3265.4189541339874s
