parameters generated
U= [[1.05589636]]
gap= [0.3]
 finished in 3461.7509586811066s
U= [[1.05589636]]
gap= [0.3]
 finished in 3559.7081291675568s
U= [[1.05589636]]
gap= [0.3]
 finished in 3266.7279682159424s
