parameters generated
U= [[1.05589636]]
gap= [0.3]
 finished in 3546.3039648532867s
U= [[1.05589636]]
gap= [0.3]
 finished in 3565.202361345291s
U= [[1.05589636]]
gap= [0.3]
 finished in 3198.599205493927s
