parameters generated
U= [[1.05589636]]
gap= [0.3]
 finished in 3520.6515803337097s
U= [[1.05589636]]
gap= [0.3]
 finished in 3569.1090471744537s
U= [[1.05589636]]
gap= [0.3]
 finished in 3226.4583537578583s
