parameters generated
U= [[1.05589636]]
gap= [0.3]
 finished in 3467.743370294571s
U= [[1.05589636]]
gap= [0.3]
 finished in 3535.907260656357s
U= [[1.05589636]]
gap= [0.3]
 finished in 3194.78577375412s
