parameters generated
U= [[1.05589636]]
gap= [0.3]
 finished in 3554.4753301143646s
U= [[1.05589636]]
gap= [0.3]
 finished in 3587.3160202503204s
U= [[1.05589636]]
gap= [0.3]
 finished in 3165.2937002182007s
