parameters generated
U= [[1.05589636]]
gap= [0.3]
 finished in 3553.9551723003387s
U= [[1.05589636]]
gap= [0.3]
 finished in 3591.116024017334s
U= [[1.05589636]]
gap= [0.3]
 finished in 3192.2101933956146s
