parameters generated
U= [[1.05589636]]
gap= [0.3]
 finished in 3514.9935204982758s
U= [[1.05589636]]
gap= [0.3]
 finished in 3517.981554031372s
U= [[1.05589636]]
gap= [0.3]
 finished in 3280.9133381843567s
