parameters generated
U= [[1.05589636]]
gap= [0.3]
 finished in 3530.2259504795074s
U= [[1.05589636]]
gap= [0.3]
 finished in 3551.83318567276s
U= [[1.05589636]]
gap= [0.3]
 finished in 3183.6153106689453s
