parameters generated
U= [[1.05589636]]
gap= [0.3]
 finished in 3523.210240125656s
U= [[1.05589636]]
gap= [0.3]
 finished in 3545.3462052345276s
U= [[1.05589636]]
gap= [0.3]
 finished in 3241.739197731018s
