parameters generated
U= [[1.05589636]]
gap= [0.3]
 finished in 3507.850888967514s
U= [[1.05589636]]
gap= [0.3]
 finished in 3537.110554933548s
U= [[1.05589636]]
gap= [0.3]
 finished in 3174.287657260895s
