parameters generated
U= [[1.05589636]]
gap= [0.3]
 finished in 3485.2753355503082s
U= [[1.05589636]]
gap= [0.3]
 finished in 3528.38880777359s
U= [[1.05589636]]
gap= [0.3]
 finished in 3207.2602922916412s
